1 32 30 0 0 0 0 0 0 0 2 0 31 0 0 0 0 0 0 0
43 25 14 0 0 0 0 0 0 0 0 0 0 0 0 0 0 0 0 0
44 4 36 0 0 0 0 0 0 0 0 0 0 0 0 0 0 0 0 0
19 18 49 0 0 0 0 0 0 0 0 0 0 0 0 0 0 0 0 0
41 50 12 0 0 0 0 0 0 0 0 0 0 0 0 0 0 0 0 0
24 26 22 0 0 0 0 0 0 0 0 0 0 0 0 0 0 0 0 0
48 15 35 0 0 0 0 0 0 0 0 16 0 0 0 0 0 0 0 0
6 10 21 0 0 0 0 0 0 0 0 0 0 0 0 0 0 0 0 0
40 29 0 0 0 0 0 0 0 0 0 0 0 0 0 0 0 0 0 0
51 38 42 0 0 0 0 0 0 0 0 0 0 0 0 0 0 0 0 0
5 33 7 0 0 0 0 0 0 0 0 0 0 0 0 0 0 0 0 0
8 37 9 0 0 0 0 0 0 0 0 0 0 0 0 0 0 0 0 0
28 31 34 0 0 0 0 0 0 0 0 0 0 0 0 0 0 0 0 0

3 1 0 0 0 13 0 0 0 0 0 0 0